date = 'Sat Sep 14 11:25:48 CST 2024';
version = 'openmp_gemm';
MY_MMult = [
8 1.029353e-04 9.852882e-01 
16 3.499359e-03 9.994501e-01 
32 2.547066e-02 9.999297e-01 
64 2.044008e-01 9.994341e-01 
128 9.062887e-01 9.999810e-01 
256 1.123236e+00 9.999865e-01 
512 1.292774e+00 9.999976e-01 
1024 2.602600e+00 9.999986e-01 
];
