date = 'Sat Sep 14 11:04:56 CST 2024';
version = 'xx';
MY_MMult = [
8 1.538069e-05 4.440892e-16 
16 1.170286e+00 1.332268e-15 
32 4.681143e+00 2.664535e-15 
64 5.349878e+00 4.440892e-15 
128 7.474346e-02 1.509903e-14 
256 2.581785e-01 3.197442e-14 
512 1.801858e+00 6.039613e-14 
