date = 'Fri Sep  6 12:36:54 CST 2024';
version = 'xx';
MY_MMult = [
8 3.755042e-04 4.440892e-16 
16 1.024000e+00 1.332268e-15 
32 4.369067e+00 2.664535e-15 
64 3.139449e+00 4.440892e-15 
128 6.159037e+00 8.881784e-15 
256 7.506584e+00 3.197442e-14 
512 4.264942e+00 6.039613e-14 
1024 6.177640e+00 1.350031e-13 
];
