date = 'Mon Sep  2 15:09:47 CST 2024';
version = 'MMult1';
MY_MMult = [
8 1.828571e-02 0.000000e+00 
16 6.253435e-02 0.000000e+00 
32 1.072602e-01 0.000000e+00 
64 1.008634e-01 0.000000e+00 
128 1.047293e-01 0.000000e+00 
256 1.119466e-01 0.000000e+00 
512 1.089373e-01 0.000000e+00 
1024 9.249960e-02 0.000000e+00 
];
