date = 'Sat Oct  5 18:53:31 CST 2024';
version = 'openmp_gemm';
MY_MMult = [
8 6.198547e-04 9.852882e-01 
16 2.874386e-02 9.994501e-01 
32 9.914675e-02 9.999297e-01 
64 6.409389e-01 9.994341e-01 
128 2.972575e+00 9.999810e-01 
256 7.270733e+00 9.999865e-01 
512 7.065578e+00 9.999976e-01 
1024 6.438401e+00 9.999986e-01 
