date = 'Sat Oct  5 16:41:09 CST 2024';
version = 'thread_gemm';
MY_MMult = [
8 3.968992e-03 4.440892e-16 
16 6.553600e-02 1.332268e-15 
32 3.788208e-01 2.664535e-15 
64 1.795507e+00 4.440892e-15 
128 3.718355e+00 8.881784e-15 
256 3.896694e+00 1.598721e-14 
512 3.082524e+00 3.197442e-14 
1024 2.857490e+00 6.394885e-14 
