date = 'Sat Oct  5 18:57:05 CST 2024';
version = 'thread_gemm';
MY_MMult = [
8 4.015686e-03 4.440892e-16 
16 5.461333e-02 1.332268e-15 
32 4.681143e-01 2.664535e-15 
64 1.300963e+00 4.440892e-15 
128 3.663148e+00 8.881784e-15 
256 4.106527e+00 1.598721e-14 
512 3.374297e+00 3.197442e-14 
1024 3.359790e+00 6.394885e-14 
2048 7.372311e-01 1.207923e-13 
