date = 'Mon Sep  2 14:45:11 CST 2024';
version = 'MMult0';
MY_MMult = [
8 1.024000e-01 0.000000e+00 
];
