date = 'Sat Oct  5 16:48:15 CST 2024';
version = 'openmp_gemm';
MY_MMult = [
8 4.855382e-04 9.852882e-01 
16 1.417301e-02 9.994501e-01 
32 2.206599e-01 9.999297e-01 
64 5.890876e-01 9.994341e-01 
128 3.328813e+00 9.999810e-01 
256 8.469064e+00 9.999865e-01 
512 8.981079e+00 9.999976e-01 
1024 7.676603e+00 9.999986e-01 
];
