date = 'Sat Oct  5 14:50:07 CST 2024';
version = 'xx';
MY_MMult = [
8 1.082452e-03 4.440892e-16 
16 4.096000e+00 1.332268e-15 
32 9.362286e+00 2.664535e-15 
64 9.532509e+00 4.440892e-15 
128 1.025502e+00 1.509903e-14 
256 6.724335e+01 3.197442e-14 
512 4.979326e+01 6.039613e-14 
1024 1.401843e+02 1.350031e-13 
2048 1.909150e+02 2.700062e-13 
4096 1.969830e+02 6.252776e-13 
];
